-0.022406829806794315
-0.060204191584518174
0.21843736812337577
0.3068953400737462
-0.23754446388403228
0.23754446388403228
0.22001352686182685
0.09627806906481129
-0.09627806906481129
0.7292126079164558
-0.5195369644530361
0.5195369644530361
-0.5195369644530361
0.5195369644530361
-0.7292126079164558
-0.4184504308784476
0.04127712378164605
-0.12513462099794648
0.11134007057316653
-0.11134007057316653
0.11134007057316653
0.1382158086451699
-0.1382158086451699
0.1382158086451699
-0.08082672791390721
-0.11410523293436448
0.11410523293436448
0.13595173820549933
0.11867804833814888
-0.11867804833814888
0.1594698839314086
-0.1594698839314086
0.1594698839314086
0.1789796236612602
-0.2197714592545199
0.2197714592545199
-0.2197714592545199
-0.11867804833814888
0.11867804833814888
-0.173803058629741
-0.08082672791390721
0.13595173820549933
0.1594698839314086
0.1789796236612602
0.2735696305623696
0.3167259518453762
0.2933513691491023
-0.2933513691491023
0.5729188937669956
-0.5729188937669956
0.5729188937669956
-0.5729188937669956
0.2933513691491023
0.12837075875308201
-0.12837075875308201
0.2887244473234709
-0.2887244473234709
-0.5195369644530361
-0.42968917032524656
9.090909090909092
-1.9894566702223688
-1.858712722745722
-0.0041277123781646025
0.0041277123781646025
0.0027002774180934913
0.0009416685924743262
0.01738828029907842
-0.0013958243360084055
0.022290752029132027
-0.022290752029132027
-0.003949908677949365
-0.005894696852207254
-0.007089519025387722
0.01426315411679556
-0.01426315411679556
-0.007603305514728556
0.17940361942283456
-0.17940361942283456
0.13351280438041724
0.1233263595743661
-0.1233263595743661
0.24724289166133495
0.3077658343826657
-0.3077658343826657
-0.20135207661891763
-0.17940361942283456
-0.1529457054811869
0.09093006890314559
0.19552844095845856
0.1233263595743661
-0.2399141843987349
-0.18138112919004068
-0.05305227166986515
-0.06380567122848957
-0.06842974963255699
-0.0902145451968589
0.0902145451968589
0.103557995633349
0.11727887499910716
0.1289069715324478
-0.1289069715324478
0.1289069715324478
-0.1529457054811869
-0.09324014105036804
-0.08945856997622892
0.08945856997622892
-0.103557995633349
0.06842974963255699
0.06380567122848957
-0.1252575793948123
0.1391750882164582
0.17276976080646222
-0.10103340989238396
0.10103340989238396
-0.10103340989238396
-0.1426315411679555
0.1426315411679555
0.10103340989238396
-0.10103340989238396
-0.10360015672263101
0.0180764060095209
-0.0180764060095209
-0.02263772445534387
0.0341962038202962
-0.0341962038202962
-0.02747143240681499
0.013702928841596212
0.010034031930753057
0.003734471634465719
-0.003734471634465719
0.003734471634465719
-0.003734471634465719
-0.030603961622424486
0.02271696846565724
-0.02271696846565724
-0.023512306683793394
0.023512306683793394
0.04009535342082621
-0.04009535342082621
-0.023512306683793394
-0.023258090101305917
0.023258090101305917
-0.023258090101305917
0.027238689696850893
-0.027238689696850893
0.023258090101305917
0.033165924091981325
-0.033165924091981325
0.023512306683793394
0.02271696846565724
0.020479647829050818
0.01651084951265841
-0.050053848399178535
1.6263736324025073
-1.6263736324025073
1.6263736324025073
1.740774586444572
-0.13582634673206329
0.13582634673206329
-0.13582634673206329
0.2051772229217772
-0.2051772229217772
0.2051772229217772
0.23754446388403228
-0.23754446388403228
-0.2051772229217772
-0.16482859444088982
0.16482859444088982
-0.16482859444088982
-0.13035229397230574
-0.10366185648387738
0.03536818111324347
-0.09410695977413086
-0.024766274268987587
-0.06826438521853817
-0.02194428113849356
-0.22290752029132044
-0.08945856997622892
-0.08259333168555627
-0.2887244473234709
-0.5195369644530361
-0.013030986111011889
-0.16993967275687427
0.16993967275687427
0.14834756042268604
0.2747143240681498
-0.2747143240681498
0.2747143240681498
-0.2747143240681498
0.2747143240681498
-0.22372452957657507
-0.19933735491426074
0.030102095792259087
0.011203414903397158
0.14347202295552375
-0.14347202295552375
-0.011203414903397158
0.011203414903397158
0.14347202295552375
-0.14347202295552375
-0.011203414903397158
-0.9216589861751154
0.9216589861751154
-0.2887244473234709
-0.1025886114608886
-0.06711735887297243
0.06711735887297243
-0.08241429722044491
0.041108786524788665
-0.041108786524788665
-0.0445042681268058
-0.050981901827062304
0.030310022967715233
-0.030310022967715233
-0.042789462350386664
0.02160221934474793
0.00753334873979461
-0.00753334873979461
-0.02160221934474793
-0.03302169902531682
-0.09101918029138423
-0.014937886537862877
-0.08291481022995328
0.016046344844135252
0.15360983102918585
-0.04812074122057847
0.04812074122057847
-0.04812074122057847
-0.08658949407550598
0.08658949407550598
-0.12153543465274264
-0.06974173847974124
-0.04444860209933049
0.0041277123781646025
0.015684493295688468
0.02015345879889338
0.02665713159985944
0.03640622802056265
-0.03640622802056265
0.03640622802056265
0.0180764060095209
-0.0180764060095209
-0.02263772445534387
-0.02747143240681499
0.02747143240681499
-0.02747143240681499
0.02747143240681499
0.0341962038202962
0.03959074398067203
0.07161486172087445
-0.07161486172087445
0.03666892114363779
0.12153543465274264
-0.12153543465274264
0.12153543465274264
-0.12153543465274264
-0.06974173847974124
-0.0180764060095209
0.051149223345624356
-0.03959074398067203
0.03959074398067203
0.07161486172087445
0.08658949407550598
0.23233909034321526
0.2486820837777961
0.11458397469550907
0.11867804833814888
0.2197714592545199
0.18110179564275097
0.40919378676499485
-0.3167259518453762
-0.2735696305623696
0.18110179564275097
0.40919378676499485
-0.40919378676499485
-0.18110179564275097
0.2735696305623696
-0.2735696305623696
0.2735696305623696
0.3167259518453762
-0.40919378676499485
0.40919378676499485
-0.3167259518453762
0.3167259518453762
-0.40919378676499485
0.1446112480761672
-0.1446112480761672
0.40919378676499485
-0.40919378676499485
0.40919378676499485
-0.40919378676499485
-0.2912498241645012
-0.1096234307327697
0.1096234307327697
-0.1096234307327697
-0.173803058629741
-0.1382158086451699
-0.11134007057316653
-0.040959295658101635
-0.08042535060685863
0.2486820837777961
-0.21325705279887552
0.21325705279887552
-0.21325705279887552
-0.07016943656363517
-0.1382158086451699
-0.05671615220310178
0.11410523293436448
-0.11410523293436448
-0.06082644411782845
-0.08019070684165241
-0.0695497017686506
-0.03672883008357364
0.3167259518453762
0.2933513691491023
-0.55793390783793
-0.35558881679464394
-0.007610434003159569
0.007610434003159569
-0.007610434003159569
-0.008291481022995331
-0.08593798102163186
-0.07818591666607133
-0.069038663755566
-0.06014303013123934
-0.16072002571520416
-0.11544677903486489
0.11544677903486489
-0.01097214056924678
-0.11145376014566022
0.006979121680042111
-0.006979121680042111
-0.1912960306073649
-0.12857602057216333
-0.00877771245539749
0.00877771245539749
-0.09235742322789198
0.09235742322789198
-0.00877771245539749
0.12241584648969794
-0.04013612772301223
-0.10662852639943776
0.024348807632752045
0.12241584648969794
-0.04013612772301223
0.1456249120822506
-0.09055089782137549
0.15549278472581607
0.07894061613408976
0.2399141843987349
0.09030628737677748
-0.2754356546018204
0.2754356546018204
0.03361024471019136
0.430416068866571
0.7081038552321006
1.3824884792626726
-0.43308667098520637
-0.7793054466795537
-0.6445337554878701
-0.3563166958260484
-0.3077658343826657
-0.20135207661891763
-0.17940361942283456
0.13351280438041724
0.24724289166133495
0.3077658343826657
0.3563166958260484
-0.3563166958260484
0.3563166958260484
0.33002029029274027
0.14441710359721727
-0.14441710359721727
1.0938189118746835
-1.0938189118746835
-0.33002029029274027
0.33002029029274027
-0.6276756463176714
-0.16268765408568808
0.4603430101106192
0.6445337554878701
-0.6445337554878701
-0.4603430101106192
-0.3276560521850638
-0.2399141843987349
0.05478481717369199
-0.20061676826218822
0.019933735491426074
0.022372452957657524
-0.02747143240681499
0.02747143240681499
0.0341962038202962
-0.0341962038202962
-0.022372452957657524
-0.019933735491426074
-0.016993967275687416
9.090909090909092
-0.02830749852359793
-0.11000676343091342
-0.11877223194201614
-0.1025886114608886
0.1025886114608886
-0.1025886114608886
-0.06711735887297243
-0.05980120647427828
0.0445042681268058
-0.0445042681268058
0.0445042681268058
-0.0445042681268058
-0.04296899051081593
-0.039092958333035666
-0.029819523325409714
0.019933735491426074
0.022372452957657524
0.02263772445534387
-0.03640622802056265
0.010034031930753057
0.04444860209933049
-0.04444860209933049
0.003734471634465719
-0.003734471634465719
0.003734471634465719
-0.003734471634465719
-0.010034031930753057
0.010034031930753057
-0.030603961622424486
-0.40919378676499485
0.40919378676499485
0.5729188937669956
-0.5729188937669956
-0.40919378676499485
0.40919378676499485
0.2933513691491023
0.12837075875308201
-0.12837075875308201
-0.2933513691491023
0.2933513691491023
-0.2933513691491023
-0.3167259518453762
-0.2735696305623696
-0.1789796236612602
-0.1594698839314086
0.11867804833814888
0.2197714592545199
-0.2197714592545199
-0.173803058629741
-0.0021944281138493726
0.0021944281138493726
-0.0021944281138493726
0.0021944281138493726
-0.0021944281138493726
0.030603961622424486
0.04444860209933049
0.007109877186976449
-0.007109877186976449
-0.0180764060095209
0.0180764060095209
-0.0180764060095209
0.0180764060095209
0.06974173847974124
0.12153543465274264
0.04812074122057847
-0.04812074122057847
-0.12153543465274264
-0.03666892114363779
-0.051149223345624356
-0.02263772445534387
-0.022372452957657524
-0.019933735491426074
-0.014322996836938634
0.014322996836938634
-0.016993967275687416
-0.42968917032524656
-0.0041277123781646025
-0.011377397536423028
0.06062004593543047
0.13035229397230574
-0.0890085362536116
-0.08593798102163186
-0.07818591666607133
-0.05963904665081943
0.05963904665081943
0.07818591666607133
0.08593798102163186
-0.08593798102163186
-0.07818591666607133
0.07818591666607133
-0.07818591666607133
0.07818591666607133
0.08593798102163186
0.0890085362536116
-0.0890085362536116
-0.10196380365412461
0.10196380365412461
-0.08593798102163186
-0.07818591666607133
-0.05963904665081943
0.05963904665081943
0.06216009403357858
0.10196380365412461
-0.10196380365412461
-0.08557892470077333
0.042537114152326416
-0.08350505292987498
1.4920925026667762
-0.07341629483160539
-0.06633184818396265
-0.046516180202611834
-0.050016954882338704
-0.11318862227671955
-0.1373571620340749
0.06851464420798115
-0.06851464420798115
-0.07417378021134302
-0.07161498418469325
0.1583629759226881
0.2864594468834978
-0.2864594468834978
0.14667568457455116
-0.14667568457455116
-0.1583629759226881
0.1583629759226881
-0.1583629759226881
0.1583629759226881
0.14667568457455116
-0.278966953918965
-0.3419620382029622
0.3419620382029622
0.39590743980672016
0.3666892114363778
0.16046344844135252
-0.16046344844135252
-0.6974173847974123
-0.44448602099330503
0.03734471634465719
-0.03734471634465719
-0.3060396162242447
0.02194428113849356
-0.02194428113849356
-0.22290752029132044
0.22290752029132044
-0.22290752029132044
0.22290752029132044
0.02194428113849356
-0.02194428113849356
-0.06087201908188011
-0.08771179570454413
-0.10103340989238396
-0.10360015672263101
-0.09939841108469905
-0.2399141843987349
0.05478481717369199
-0.05478481717369199
-0.07894061613408976
-0.15549278472581607
-0.1252575793948123
0.03714941140348138
0.14116043966119607
-0.05305227166986515
0.05305227166986515
-0.14116043966119607
0.14116043966119607
0.18138112919004068
0.05478481717369199
0.2754356546018204
-0.2754356546018204
-0.05478481717369199
-0.18138112919004068
0.18138112919004068
-0.18138112919004068
0.035549178101544454
-0.035549178101544454
0.035549178101544454
-0.035549178101544454
-0.14116043966119607
0.14116043966119607
-0.05305227166986515
0.15549278472581607
0.19552844095845856
-0.19552844095845856
-0.15549278472581607
0.15549278472581607
-0.15549278472581607
0.15549278472581607
0.07894061613408976
0.2399141843987349
-0.1233263595743661
-0.13351280438041724
-0.1289069715324478
-0.11727887499910716
0.0613982569931808
-0.0613982569931808
0.0613982569931808
0.04261041335731597
-0.04261041335731597
-0.0613982569931808
0.0613982569931808
-0.14107421159225375
-0.07333784228727558
0.1432297234417489
-0.1432297234417489
0.1432297234417489
-0.1432297234417489
0.07333784228727558
0.032092689688270504
-0.032092689688270504
-0.1394834769594825
-0.0361528120190418
0.0361528120190418
-0.08889720419866098
-0.020068063861506114
-0.027405857683192425
-0.04345076465743525
-0.020206681978476804
-0.020720031344526213
0.020720031344526213
0.020206681978476804
-0.020206681978476804
-0.02852630823359112
-0.023895803507041596
0.04114653669663837
0.03975469481490013
0.0836353122746456
0.0998420788175689
0.07072338692466895
0.1520776763010232
0.09592050189117374
-0.18659992119901614
-0.14107421159225375
-0.041262877965450695
0.12093883256452365
0.0613982569931808
0.04261041335731597
-0.15603526420392422
-0.0276493607456455
-0.1097914530698193
0.018901941926654398
0.006591680147320367
-0.006591680147320367
0.1185388718888104
0.009770770352058866
0.16162549064881104
0.2250080360012856
-0.026141301441259923
0.3111402146953135
0.04976914030883517
0.5507474429583001
-0.5507474429583001
-0.04976914030883517
0.48819216935818854
0.11232441390894676
1.075268817204301
-0.3368451885440491
-0.8507480425691987
0.11232441390894676
-0.11232441390894676
0.12092075279336034
-0.12092075279336034
-0.03536818111324347
0.03536818111324347
-0.03536818111324347
-0.08350505292987498
-0.06826438521853817
-0.05661499704719586
0.09496676163342832
-0.09496676163342832
-0.07616146230007614
0.4646781806864305
-0.4646781806864305
0.09624148244115693
-0.3072196620583717
0.3072196620583717
-0.3072196620583717
-0.032092689688270504
0.032092689688270504
0.3072196620583717
0.8658008658008658
-0.5507474429583001
-0.33476805356288875
-0.026141301441259923
0.3111402146953135
0.04976914030883517
-0.04976914030883517
-0.12653484206664634
-0.15846407118740724
-0.1566071707036023
0.1833446057181889
-0.1833446057181889
0.3580743086043723
0.43294747037753
-0.6076771732637134
0.08023172422067626
-0.08023172422067626
0.08023172422067626
-0.3933910306845001
-0.03554938593488233
0.34870869239870617
-0.34870869239870617
